Accuracy: 0.8041163946061036
Precision: 0.653125
Recall: 0.5588235294117647
F1-score: 0.6023054755043228
